[LEFT_CAM_2K]
fx=1402.57
fy=1402.57
cx=1124.43
cy=640.705
k1=-0.170686
k2=0.023184

[RIGHT_CAM_2K]
fx=1396.81
fy=1396.81
cx=1079.74
cy=693.486
k1=-0.16828
k2=0.0219744

[LEFT_CAM_FHD]
fx=1402.57
fy=1402.57
cx=980.433
cy=559.705
k1=-0.170686
k2=0.023184

[RIGHT_CAM_FHD]
fx=1396.81
fy=1396.81
cx=935.745
cy=612.486
k1=-0.16828
k2=0.0219744

[LEFT_CAM_HD]
fx=701.286
fy=701.286
cx=648.717
cy=368.352
k1=-0.170686
k2=0.023184

[RIGHT_CAM_HD]
fx=698.404
fy=698.404
cx=626.372
cy=394.743
k1=-0.16828
k2=0.0219744

[LEFT_CAM_VGA]
fx=350.643
fy=350.643
cx=339.858
cy=191.676
k1=-0.170686
k2=0.023184

[RIGHT_CAM_VGA]
fx=349.202
fy=349.202
cx=328.686
cy=204.871
k1=-0.16828
k2=0.0219744

[STEREO]
Baseline=120
CV_2K=0.0138931
CV_FHD=0.0138931
CV_HD=0.0138931
CV_VGA=0.0138931
RX_2K=-0.00392928
RX_FHD=-0.00392928
RX_HD=-0.00392928
RX_VGA=-0.00392928
RZ_2K=-0.0019315
RZ_FHD=-0.0019315
RZ_HD=-0.0019315
RZ_VGA=-0.0019315



