image_width: 672
image_height: 376
camera_name: camera
camera_matrix:
  rows: 3
  cols: 3
  data: [350.151271, 0.000000, 325.717928, 0.000000, 351.968717, 205.698721, 0.000000, 0.000000, 1.000000]
distortion_model: plumb_bob
distortion_coefficients:
  rows: 1
  cols: 5
  data: [-0.166046, 0.024641, -0.000090, -0.000518, 0.000000]
rectification_matrix:
  rows: 3
  cols: 3
  data: [0.999455, -0.006392, 0.032394, 0.006585, 0.999961, -0.005857, -0.032355, 0.006067, 0.999458]
projection_matrix:
  rows: 3
  cols: 4
  data: [356.436976, 0.000000, 297.660500, -164.745750, 0.000000, 356.436976, 204.114002, 0.000000, 0.000000, 0.000000, 1.000000, 0.000000]
