image_width: 1280
image_height: 720
camera_name: camera
camera_matrix:
  rows: 3
  cols: 3
  data: [717.835631, 0.000000, 641.339584, 0.000000, 720.857395, 393.499908, 0.000000, 0.000000, 1.000000]
distortion_model: plumb_bob
distortion_coefficients:
  rows: 1
  cols: 5
  data: [-0.161199, 0.019162, 0.001076, 0.000471, 0.000000]
rectification_matrix:
  rows: 3
  cols: 3
  data: [0.995085, 0.010415, -0.098478, -0.010601, 0.999943, -0.001362, 0.098458, 0.002399, 0.995138]
projection_matrix:
  rows: 3
  cols: 4
  data: [730.833245, 0.000000, 787.720657, -336.354625, 0.000000, 730.833245, 384.039974, 0.000000, 0.000000, 0.000000, 1.000000, 0.000000]
