image_width: 672
image_height: 376
camera_name: camera
camera_matrix:
  rows: 3
  cols: 3
  data: [355.073256, 0.000000, 340.292733, 0.000000, 356.492901, 193.547810, 0.000000, 0.000000, 1.000000]
distortion_model: plumb_bob
distortion_coefficients:
  rows: 1
  cols: 5
  data: [-0.156081, 0.021301, 0.001930, -0.002104, 0.000000]
rectification_matrix:
  rows: 3
  cols: 3
  data: [0.999473, 0.005381, -0.032019, -0.005429, 0.999984, -0.001401, 0.032011, 0.001574, 0.999486]
projection_matrix:
  rows: 3
  cols: 4
  data: [357.121440, 0.000000, 358.026714, 0.000000, 0.000000, 357.121440, 205.412989, 0.000000, 0.000000, 0.000000, 1.000000, 0.000000]
