image_width: 1920
image_height: 1080
camera_name: camera
camera_matrix:
  rows: 3
  cols: 3
  data: [1427.973067, 0.000000, 970.848185, 0.000000, 1429.538280, 570.634109, 0.000000, 0.000000, 1.000000]
distortion_model: plumb_bob
distortion_coefficients:
  rows: 1
  cols: 5
  data: [-0.150572, 0.013966, -0.003249, 0.000650, 0.000000]
rectification_matrix:
  rows: 3
  cols: 3
  data: [0.999483, 0.000483, -0.032145, -0.000345, 0.999991, 0.004310, 0.032147, -0.004297, 0.999474]
projection_matrix:
  rows: 3
  cols: 4
  data: [1497.089125, 0.000000, 1021.419312, 0.000000, 0.000000, 1497.089125, 593.331104, 0.000000, 0.000000, 0.000000, 1.000000, 0.000000]
