image_width: 1920
image_height: 1080
camera_name: camera
camera_matrix:
  rows: 3
  cols: 3
  data: [1407.801833, 0.000000, 931.773705, 0.000000, 1414.224556, 614.473956, 0.000000, 0.000000, 1.000000]
distortion_model: plumb_bob
distortion_coefficients:
  rows: 1
  cols: 5
  data: [-0.162386, 0.008997, 0.002877, -0.000455, 0.000000]
rectification_matrix:
  rows: 3
  cols: 3
  data: [0.995387, -0.005703, 0.095776, 0.005491, 0.999982, 0.002472, -0.095789, -0.001935, 0.995400]
projection_matrix:
  rows: 3
  cols: 4
  data: [1529.850145, 0.000000, 738.532257, -709.715653, 0.000000, 1529.850145, 595.191006, 0.000000, 0.000000, 0.000000, 1.000000, 0.000000]
