image_width: 1920
image_height: 1080
camera_name: camera
camera_matrix:
  rows: 3
  cols: 3
  data: [1444.726542, 0.000000, 996.878924, 0.000000, 1452.702899, 552.775164, 0.000000, 0.000000, 1.000000]
distortion_model: plumb_bob
distortion_coefficients:
  rows: 1
  cols: 5
  data: [-0.137569, -0.020543, 0.003752, -0.000372, 0.000000]
rectification_matrix:
  rows: 3
  cols: 3
  data: [0.992255, -0.004647, 0.124130, 0.004921, 0.999986, -0.001904, -0.124119, 0.002500, 0.992264]
projection_matrix:
  rows: 3
  cols: 4
  data: [1529.850145, 0.000000, 738.532257, 0.000000, 0.000000, 1529.850145, 595.191006, 0.000000, 0.000000, 0.000000, 1.000000, 0.000000]
