image_width: 672
image_height: 376
camera_name: camera
camera_matrix:
  rows: 3
  cols: 3
  data: [356.093166, 0.000000, 336.021628, 0.000000, 357.269811, 196.160145, 0.000000, 0.000000, 1.000000]
distortion_model: plumb_bob
distortion_coefficients:
  rows: 1
  cols: 5
  data: [-0.161720, 0.018097, 0.000650, -0.000814, 0.000000]
rectification_matrix:
  rows: 3
  cols: 3
  data: [0.998997, -0.004409, 0.044562, 0.004143, 0.999973, 0.006057, -0.044588, -0.005866, 0.998988]
projection_matrix:
  rows: 3
  cols: 4
  data: [356.436976, 0.000000, 297.660500, 0.000000, 0.000000, 356.436976, 204.114002, 0.000000, 0.000000, 0.000000, 1.000000, 0.000000]
