image_width: 2208
image_height: 1242
camera_name: camera
camera_matrix:
  rows: 3
  cols: 3
  data: [1411.146837, 0.000000, 1105.344051, 0.000000, 1411.133723, 739.750589, 0.000000, 0.000000, 1.000000]
distortion_model: plumb_bob
distortion_coefficients:
  rows: 1
  cols: 5
  data: [-0.159972, 0.024579, -0.003355, -0.000942, 0.000000]
rectification_matrix:
  rows: 3
  cols: 3
  data: [0.999989, -0.001614, 0.004367, 0.001591, 0.999985, 0.005255, -0.004375, -0.005248, 0.999977]
projection_matrix:
  rows: 3
  cols: 4
  data: [1440.001589, 0.000000, 1113.103073, -173.463177, 0.000000, 1440.001589, 711.481209, 0.000000, 0.000000, 0.000000, 1.000000, 0.000000]
