image_width: 1280
image_height: 720
camera_name: camera
camera_matrix:
  rows: 3
  cols: 3
  data: [701.293164, 0.000000, 653.486702, 0.000000, 703.482546, 371.363037, 0.000000, 0.000000, 1.000000]
distortion_model: plumb_bob
distortion_coefficients:
  rows: 1
  cols: 5
  data: [-0.159379, 0.016695, -0.000467, 0.000596, 0.000000]
rectification_matrix:
  rows: 3
  cols: 3
  data: [0.999921, 0.000410, 0.012541, -0.000401, 1.000000, -0.000687, -0.012541, 0.000682, 0.999921]
projection_matrix:
  rows: 3
  cols: 4
  data: [703.268447, 0.000000, 644.093910, 0.000000, 0.000000, 703.268447, 389.952831, 0.000000, 0.000000, 0.000000, 1.000000, 0.000000]
