image_width: 1280
image_height: 720
camera_name: camera
camera_matrix:
  rows: 3
  cols: 3
  data: [698.678364, 0.000000, 657.592793, 0.000000, 702.883488, 365.387798, 0.000000, 0.000000, 1.000000]
distortion_model: plumb_bob
distortion_coefficients:
  rows: 1
  cols: 5
  data: [-0.171903, 0.027332, 0.000422, 0.000285, 0.000000]
rectification_matrix:
  rows: 3
  cols: 3
  data: [0.995500, 0.014345, -0.093666, -0.014169, 0.999896, 0.002550, 0.093693, -0.001211, 0.995600]
projection_matrix:
  rows: 3
  cols: 4
  data: [730.833245, 0.000000, 787.720657, 0.000000, 0.000000, 730.833245, 384.039974, 0.000000, 0.000000, 0.000000, 1.000000, 0.000000]
