image_width: 2208
image_height: 1242
camera_name: camera
camera_matrix:
  rows: 3
  cols: 3
  data: [1412.653111, 0.000000, 1132.883383, 0.000000, 1416.977367, 667.308926, 0.000000, 0.000000, 1.000000]
distortion_model: plumb_bob
distortion_coefficients:
  rows: 1
  cols: 5
  data: [-0.139508, -0.004841, 0.000488, 0.000920, 0.000000]
rectification_matrix:
  rows: 3
  cols: 3
  data: [0.999957, 0.000335, 0.009317, -0.000286, 0.999986, -0.005253, -0.009319, 0.005250, 0.999943]
projection_matrix:
  rows: 3
  cols: 4
  data: [1440.001589, 0.000000, 1113.103073, 0.000000, 0.000000, 1440.001589, 711.481209, 0.000000, 0.000000, 0.000000, 1.000000, 0.000000]
