image_width: 1920
image_height: 1080
camera_name: camera
camera_matrix:
  rows: 3
  cols: 3
  data: [1432.085291, 0.000000, 965.720575, 0.000000, 1436.193840, 614.779048, 0.000000, 0.000000, 1.000000]
distortion_model: plumb_bob
distortion_coefficients:
  rows: 1
  cols: 5
  data: [-0.150458, 0.004827, -0.001469, -0.002658, 0.000000]
rectification_matrix:
  rows: 3
  cols: 3
  data: [0.999764, -0.002713, -0.021541, 0.002620, 0.999987, -0.004333, 0.021552, 0.004275, 0.999759]
projection_matrix:
  rows: 3
  cols: 4
  data: [1497.089125, 0.000000, 1021.419312, -181.108430, 0.000000, 1497.089125, 593.331104, 0.000000, 0.000000, 0.000000, 1.000000, 0.000000]
