image_width: 672
image_height: 376
camera_name: camera
camera_matrix:
  rows: 3
  cols: 3
  data: [359.979326, 0.000000, 330.676673, 0.000000, 361.553386, 209.637232, 0.000000, 0.000000, 1.000000]
distortion_model: plumb_bob
distortion_coefficients:
  rows: 1
  cols: 5
  data: [-0.177430, 0.029018, 0.000346, -0.001636, 0.000000]
rectification_matrix:
  rows: 3
  cols: 3
  data: [0.999022, 0.004064, -0.044023, -0.003998, 0.999991, 0.001576, 0.044029, -0.001399, 0.999029]
projection_matrix:
  rows: 3
  cols: 4
  data: [357.121440, 0.000000, 358.026714, -43.151035, 0.000000, 357.121440, 205.412989, 0.000000, 0.000000, 0.000000, 1.000000, 0.000000]
