image_width: 1280
image_height: 720
camera_name: camera
camera_matrix:
  rows: 3
  cols: 3
  data: [703.041175, 0.000000, 635.739833, 0.000000, 703.222568, 400.930075, 0.000000, 0.000000, 1.000000]
distortion_model: plumb_bob
distortion_coefficients:
  rows: 1
  cols: 5
  data: [-0.167372, 0.027433, -0.000240, 0.001572, 0.000000]
rectification_matrix:
  rows: 3
  cols: 3
  data: [0.999996, -0.000990, 0.002584, 0.000988, 0.999999, 0.000686, -0.002585, -0.000683, 0.999996]
projection_matrix:
  rows: 3
  cols: 4
  data: [703.268447, 0.000000, 644.093910, -84.528890, 0.000000, 703.268447, 389.952831, 0.000000, 0.000000, 0.000000, 1.000000, 0.000000]
